220012400037
120012103811
120012500432
120012400555
120012100112
120012201521
120012201872
120012500280
220012500196
320012400047
120011007470
120011900778
220012200041
120012005571
120012500033
120012100061
220012500105
120012300986
320012400171
120012300568
220012500029
120011900071
320012400031
120011802892
320012300264
320012300225
320012500155
320012300359
220012100939
220012400251
220012400256
320011401133
320012300279
320012300215
220012300440
320012000775
120012100114
220012500041
120012005915
220012600111
120011900095
120012005513
320012400064
220012400222
220012400248
220012600066
220012000966
220012200025
320012500092
120012201836
220012400101
220012500091
120012500087
220012500181
220012300280
320012500131
220012400242
220012600080
220012500250
120012300689
220011800801
320012200548
220011301539
120011603999
220012300220
220012500122
320012400173
320012300349
320012100287
220011701209
120012500256
320012500139
120012400647
220012500075
220012400107
120012201627
120011409440
120012400445
120012005955
120012500389
220012500276
120012200079
220012400226
120012200454
320011500937
120012400469
120012301025
220012200663
220012300049
220012300328
320012400127
120012005827
220012400174
120012301094
320012300360
220012400029
120011802893
120012005799
220012400223
120012201723
320012300362
220012300428
120012202024
220011400770
120012400659
120012500144
120012400039
120012200039
120012600312
220012500156
320012300311
120012005210
220012300489
120012400047
320012500058
320012300129
120011901664
120012005631
320012400128
320012000611
320012400049
320012500054
120012004454
320012400065
320012500123
120012005954
120012300039
120011706074
120012400500
120012400516
220011700086
120011902551
220012400202
120012005772
120012200125
220012400173
120012005812
320012400075
120011902005
220012200537
320011900309
120012300876
220012300298
120011902516
120012005586
120012300718
120012003066
120011902063
220012300403
320012100750
320012400129
120012200096
120012201793
220012500018
120012100115
320012100249
220012300342
120011900852
120012103817
120012300877
320012500043
320012300209
120011007435
120012005962
220012500199
220012400092
320012300132
220011800252
120012400440
220012300400
120012005603
220012400238
220012600056
220012400067
120012300878
220012300282
120012300905
220012500198
120012005838
220012400002
120012201340
120012500067
220012100521
320012500098
120012400618
220012400246
120012005765
120012201850
120012005754
220012400090
120011006966
120012400625
120012005928
120012000044
120011903752
120012400501
120012200007
120012300959
120012400521
320012300168
220012600013
120012400623
120012200038
120012200115
220012400043
120012400304
120012500347
120012400430
120012004857
120012100013
120012500410
120012300837
120012100085
120011901702
120012300863
120012100210
120012300299
320012400103
120012202050
220010301905
220012500103
320012100416
120010706898
220012400162
320012500052
120012005973
220011800310
120012600267
120012400559
220012300271
120012400152
120012202018
120011903558
220011900933
120012005935
220012400078
120012005924
120012400087
120012200541
220012300277
320012300008
120012005880
220012300337
220012300382
320012400159
320012500152
220012300453
120011902614
220011701295
220012500049
220012300347
120012400620
220012500115
220012200589
120012600178
220012500132
120012300041
120012005779
120012201589
220012500121
220012200022
120012400544
120011901488
320012400157
120010307408
220012500260
220012400230
320012400126
120012005824
220010800012
320011900424
120012005807
220012400210
220012500184
220012500251
120012400670
120012200950
120012301071
320012500044
120011903407
320012400160
120012300462
320012300326
220012400249
120012200023
220012200020
220012300285
120012400705
320012500029
120012005814
220012300398
220012300341
120011903788
120011802872
120012005835
220011800781
120011601684
120012500355
120011802902
120012101438
220012300356
120012400072
120011802973
320012300223
220012300318
120012005809
220012300269
220011701389
120012200631
120012201767
320012100587
119123003836
120012301099
220012000851
220012300302
320012500057
220012600059
120012300731
120012400510
120012500179
220012300287
120012005951
220011001749
120011700477
120012101771
120012005706
220012400068
120011903790
320012100825
220012300442
120012201957
120011900053
120012005943
120012101073
119122400805
120012400048
220012400255
320012400209
320012500024
220012200646
220012400168
320012300321
120011508240
120012202006
120011900067
120011903533
120012300870
120012200069
120012300688
320012500001
120012200077
320012500040
120011902720
120012201352
120012300804
120012300888
120011802938
120012500372
320012500127
320012400193
120012201364
120012201566
120012005626
120012005236
120012100002
220012500164
320011900368
120012201972
120012200932
120012100121
120012400204
220012400058
120011900030
120012400083
120012005875
120011903902
120012005487
120012500201
120011902684
320012300292
220011300773
120012400038
120012500251
220012200417
220012300293
220012500010
119123104399
320011501146
220011601742
220012300281
220012400165
120011001958
320012300159
120012400649
120011002058
220012200456
120012005855
220012500274
220012300374
120012400467
120012201355
120012300735
120012201982
320011200212
220012600099
120012100072
120010809890
120012300912
220012100505
220012300194
220012500097
220012300321
320012300325
220012500042
320012100012
220012300452
120012300014
120012200319
120011903880
220011800760
220012600100
320012300257
320011500874
120012300823
120012103807
220012300359
120012300766
31912952391
220012200432
120012301021
320012300282
220012400229
220012400054
220011700901
120012005976
220012100842
220012200714
320011800116
120012400624
220012500201
120010805588
120012005947
120012005985
120011903871
220012300414
120012300824
120012201973
220012300439
120011005280
220012300031
120012500384
220012600022
320012300253
120012202015
320011400722
220012500074
120012201680
320012500053
120012300892
120012005798
220011800330
120012500225
120011901279
220012500218
120012100795
320012400217
220011402088
120012201695
220011500002
320012300312
120012300929
320012001284
120012100098
120012103816
220012300243
320012200541
220011700066
220012300408
120012300803
220012100773
120012101031
220012400253
320012400203
220011800618
120011902486
120012600263
120012500305
120012201495
120012500165
120011705967
220012400183
120012400202
220012300268
220012600085
320012300307
120011903775
120012400124
120012100086
220012400247
320012300302
220012500262
120012300812
120012400509
120012300005
220012300334
120012005965
220012300338
220011402096
220012500271
120012200005
120012400203
120012005762
320012400165
120012200025
120011903927
220012400001
220012500011
220012500009
320012400167
120011902578
120011900126
320012100486
120012200806
120011005299
120011900077
120012202029
220012500118
220011701293
320012500154
320012400166
220012400220
120012201365
220012300299
220011600765
320012500002
220011001504
220012400239
120011903317
320012200002
320012300251
120012005909
220012200255
220012400199
120012200789
220011900139
120012005462
120012100997
120012004653
120012201017
120012500221
220012400245
320012300240
120012400550
120012005870
220012400148
220011800775
120012005760
220012300172
120012300961
120012300791
220012500001
220012600007
220012200014
120012201426
120012005964
120011903817
220012500089
120012201827
120012300772
119121306916
220012500056
220012600006
120012301069
120012005871
120012200020
220012300331
120010710427
220012400142
320012300309
120012005806
220012300244
320012300259
120012300074
120011900446
320012200004
120012400654
220012300448
320012200053
320012300044
220012200625
220012400061
320012400091
220012400070
120011903818
220012300143
320012300367
220011100874
120011903772
120012005729
120012005793
120012301007
320012000556
120012100028
320012200235
220012500040
320011100400
220012300386
120012100653
320012500091
220012300388
120012200388
120011900076
120012100076
220012400201
320012300313
120012100623
120012400518
320012200139
320012500088
320012200488
120012005832
220012300292
320012300305
120011007394
220012300381
220012500117
220012500275
120012100159
120011903371
120012300972
120012200051
220012100535
120011002266
120011903415
32001170320
120012200709
120012300979
120012400135
120012200960
220012400038
220012400074
120011408976
120012200060
120012100119
120012300110
120012300115
120012100074
120012301008
120012600248
120012005930
220012400048
120012300071
119123010412
220011800594
31912997619
120012300043
220012600029
120011007046
120012400558
320010702001
320012600056
120012005792
120012300884
120012201108
120012005488
220012300412
120012400342
120012200954
120012201917
220012000074
220012000097
220012200213
120011802903
220012300350
120012400709
220012500263
120012300833
120012005933
120012202044
120012200710
220012300264
220012500035
120012201130
220012400130
120011705779
220011402046
220012300387
220012500155
120012300686
120012400177
320011501298
120012200098
220012001201
120011007056
220012600041
120011004185
120012300017
220012300457
220012400181
120012600239
120012100075
220012400036
120011902697
31912005029
320011900432
120012300655
120012400421
120012100010
120012005910
120012300390
220012300330
120011802965
120012300864
220012300339
120011007190
120012400349
220011800286
120012005672
120012200341
120011901325
120012500213
320012300262
120012300774
220012500003
220012500170
120012300871
220012500224
120011903769
320012200034
120011903832
120012300985
220012300286
320012300314
220011900560
120012100049
120012400033
120012005913
220012300296
220012600009
120012005829
320012300256
120011903805
320012400068
120012005960
220012400124
120012300701
220012300290
220012400035
120012300024
320012600035
320012600051
31912999806
220012400196
120012100042
220012300343
120012200050
220012300392
320012400214
120012100091
120012300034
220012200369
120012500270
120012201050
120012201059
120011903881
220012500193
120012100106
220012500087
120012500406
220012500278
120010903312
120012300088
120012300802
320012600025
220012500226
220012500094
320012100804
120012400042
320012400198
120011900068
120012005879
220012300308
220012300395
220012400109
120012100008
320012100011
220012500180
220012500219
220011501647
320012100815
220012400200
220012300385
320012300260
320012500035
220011800496
220012500077
120012200969
120012300307
120012300820
120011802861
120011903223
120012300867
220011601104
220012300067
320012500072
220012300405
320012400211
120012005825
120012201707
320012300322
120012400452
120011900160
120012300873
220012300380
120012201768
120012300788
120012005808
220012300376
220011900554
220012300013
220012400228
120012400398
120011802937
120012100092
220012300431
220012300313
220012400096
320012400208
220011700470
120012300414
220012400224
220012100030
320012500079
120012300435
120012400686
120011903823
220012500191
220011900976
220012400244
120012300154
220012400062
220012500031
120012004994
220012500131
220012500176
320012300340
220012300378
120012201904
220012300311
220011501402
120012200114
120012300831
220012400018
120012400699
320012400178
120011902523
220012300473
220012400252
120012100024
120012100007
31912996250
120012100053
320012300365
120012300118
120012300007
220010701884
120012005959
120012500341
220012300306
220012500277
120011900007
220012300422
320012200364
320012300284
320012300222
120012005843
120012500220
120012201246
220010900010
120012500302
320012400139
120011901383
220012200717
320012400210
120012300992
120012005867
220012100812
120011903842
120012300818
120012004672
120012600249
120012005952
220012300432
120011902526
220011900063
220012300348
320012200451
220012300340
120012200225
120012400227
220012600010
220012300327
320012500086
120012005901
320012500093
320012400074
120012500215
220012300373
220011301309
120011903315
120012100211
320012300366
320012500045
120012301027
320012001263
120012500292
120011901867
320012400142
120012201925
220012500092
120012201131
120012005831
220012200047
120012300139
120011902764
120012100151
320012400094
320012600068
120012300055
320012500099
120012300976
220012400227
220012500045
220012001306
320012200009
220012600043
120011903736
320012200494
120012300807
120012005978
120010805520
220012500135
120012300816
220012500197
120012100035
220012400105
120011202475
120011902557
120012005720
220012100430
120010805262
220012300402
320012500018
320012200526
120012005800
220010901491
120012200075
220011100869
220012300372
220012300201
120012500145
220012300027
220012000837
220012300455
120012400627
220012600040
320012100747
120011903859
320012500144
120012300035
120012600219
220012300050
120012005474
